epoch,mode,loss,accuracy
1,Train,2.298623e+00,1.089400e-01
1,Test,2.249153e+00,1.859000e-01
2,Train,2.133004e+00,2.130400e-01
2,Test,1.966569e+00,2.935000e-01
3,Train,1.955145e+00,2.815200e-01
3,Test,1.817884e+00,3.416000e-01
4,Train,1.861749e+00,3.123000e-01
4,Test,1.762861e+00,3.530000e-01
5,Train,1.822010e+00,3.233000e-01
5,Test,1.721515e+00,3.600000e-01
6,Train,1.774541e+00,3.376800e-01
6,Test,1.691993e+00,3.723000e-01
7,Train,1.748439e+00,3.467400e-01
7,Test,1.646571e+00,3.836000e-01
8,Train,1.713567e+00,3.633600e-01
8,Test,1.629620e+00,3.932000e-01
9,Train,1.695742e+00,3.695000e-01
9,Test,1.614133e+00,4.024000e-01
10,Train,1.661992e+00,3.775800e-01
10,Test,1.583502e+00,4.069000e-01
11,Train,1.642130e+00,3.910200e-01
11,Test,1.594754e+00,4.104000e-01
12,Train,1.632721e+00,3.940200e-01
12,Test,1.516757e+00,4.292000e-01
13,Train,1.599326e+00,4.075600e-01
13,Test,1.522274e+00,4.379000e-01
14,Train,1.582513e+00,4.177600e-01
14,Test,1.477484e+00,4.534000e-01
15,Train,1.565397e+00,4.258800e-01
15,Test,1.456688e+00,4.572000e-01
16,Train,1.541778e+00,4.322200e-01
16,Test,1.436096e+00,4.734000e-01
17,Train,1.534061e+00,4.387400e-01
17,Test,1.428427e+00,4.719000e-01
18,Train,1.516675e+00,4.463400e-01
18,Test,1.411295e+00,4.833000e-01
19,Train,1.507633e+00,4.476200e-01
19,Test,1.381947e+00,4.882000e-01
20,Train,1.486235e+00,4.582400e-01
20,Test,1.375094e+00,4.947000e-01
21,Train,1.478583e+00,4.618400e-01
21,Test,1.386193e+00,4.908000e-01
22,Train,1.466299e+00,4.652400e-01
22,Test,1.350030e+00,5.059000e-01
23,Train,1.452240e+00,4.707600e-01
23,Test,1.336621e+00,5.070000e-01
24,Train,1.434011e+00,4.807200e-01
24,Test,1.326641e+00,5.132000e-01
25,Train,1.426313e+00,4.846600e-01
25,Test,1.309770e+00,5.206000e-01
26,Train,1.407058e+00,4.903000e-01
26,Test,1.295473e+00,5.263000e-01
27,Train,1.400780e+00,4.917600e-01
27,Test,1.291066e+00,5.284000e-01
28,Train,1.406346e+00,4.910400e-01
28,Test,1.293261e+00,5.254000e-01
29,Train,1.383332e+00,5.005400e-01
29,Test,1.266774e+00,5.370000e-01
30,Train,1.375005e+00,5.059200e-01
30,Test,1.272740e+00,5.336000e-01
31,Train,1.368821e+00,5.096800e-01
31,Test,1.264191e+00,5.398000e-01
32,Train,1.349706e+00,5.133400e-01
32,Test,1.235937e+00,5.485000e-01
33,Train,1.340529e+00,5.157800e-01
33,Test,1.224965e+00,5.564000e-01
34,Train,1.336582e+00,5.187800e-01
34,Test,1.235447e+00,5.501000e-01
35,Train,1.324321e+00,5.220800e-01
35,Test,1.210496e+00,5.628000e-01
36,Train,1.315171e+00,5.278800e-01
36,Test,1.230822e+00,5.498000e-01
37,Train,1.310457e+00,5.312400e-01
37,Test,1.251869e+00,5.522000e-01
38,Train,1.307516e+00,5.299600e-01
38,Test,1.249811e+00,5.449000e-01
39,Train,1.307007e+00,5.329600e-01
39,Test,1.209074e+00,5.654000e-01
40,Train,1.307099e+00,5.329200e-01
40,Test,1.218945e+00,5.614000e-01
41,Train,1.278586e+00,5.405000e-01
41,Test,1.171498e+00,5.749000e-01
42,Train,1.275442e+00,5.403000e-01
42,Test,1.170929e+00,5.766000e-01
43,Train,1.264074e+00,5.463800e-01
43,Test,1.163823e+00,5.818000e-01
44,Train,1.268953e+00,5.456200e-01
44,Test,1.177262e+00,5.771000e-01
45,Train,1.254832e+00,5.507200e-01
45,Test,1.187836e+00,5.720000e-01
46,Train,1.258525e+00,5.510000e-01
46,Test,1.168313e+00,5.788000e-01
47,Train,1.256011e+00,5.474000e-01
47,Test,1.148942e+00,5.837000e-01
48,Train,1.241270e+00,5.545200e-01
48,Test,1.150039e+00,5.844000e-01
49,Train,1.250364e+00,5.536800e-01
49,Test,1.141067e+00,5.888000e-01
50,Train,1.243353e+00,5.544800e-01
50,Test,1.142236e+00,5.903000e-01
51,Train,1.229967e+00,5.593200e-01
51,Test,1.130585e+00,5.920000e-01
52,Train,1.216619e+00,5.653000e-01
52,Test,1.124917e+00,6.010000e-01
53,Train,1.221898e+00,5.644600e-01
53,Test,1.121607e+00,5.983000e-01
54,Train,1.210265e+00,5.651400e-01
54,Test,1.112428e+00,6.019000e-01
55,Train,1.201894e+00,5.712600e-01
55,Test,1.112089e+00,6.044000e-01
56,Train,1.193395e+00,5.723200e-01
56,Test,1.104856e+00,6.043000e-01
57,Train,1.189432e+00,5.745600e-01
57,Test,1.128631e+00,5.990000e-01
58,Train,1.193667e+00,5.695600e-01
58,Test,1.096040e+00,6.086000e-01
59,Train,1.187759e+00,5.778600e-01
59,Test,1.122825e+00,5.990000e-01
60,Train,1.177354e+00,5.766000e-01
60,Test,1.094284e+00,6.112000e-01
61,Train,1.177546e+00,5.779000e-01
61,Test,1.077040e+00,6.152000e-01
62,Train,1.167232e+00,5.827000e-01
62,Test,1.126874e+00,6.059000e-01
63,Train,1.169419e+00,5.829600e-01
63,Test,1.104072e+00,6.101000e-01
64,Train,1.167409e+00,5.828600e-01
64,Test,1.111869e+00,6.041000e-01
65,Train,1.155259e+00,5.847000e-01
65,Test,1.092638e+00,6.115000e-01
66,Train,1.145791e+00,5.890800e-01
66,Test,1.068332e+00,6.207000e-01
67,Train,1.151018e+00,5.879600e-01
67,Test,1.069530e+00,6.174000e-01
68,Train,1.136268e+00,5.953000e-01
68,Test,1.075115e+00,6.176000e-01
69,Train,1.127039e+00,5.975400e-01
69,Test,1.086121e+00,6.075000e-01
70,Train,1.138215e+00,5.929000e-01
70,Test,1.082454e+00,6.170000e-01
71,Train,1.125427e+00,5.947400e-01
71,Test,1.065956e+00,6.182000e-01
72,Train,1.120501e+00,5.996600e-01
72,Test,1.061953e+00,6.250000e-01
73,Train,1.127459e+00,5.969200e-01
73,Test,1.048672e+00,6.236000e-01
74,Train,1.113934e+00,6.014400e-01
74,Test,1.058579e+00,6.256000e-01
75,Train,1.109851e+00,6.017800e-01
75,Test,1.042889e+00,6.300000e-01
76,Train,1.102910e+00,6.063400e-01
76,Test,1.036559e+00,6.308000e-01
77,Train,1.103489e+00,6.035800e-01
77,Test,1.048680e+00,6.283000e-01
78,Train,1.105403e+00,6.045000e-01
78,Test,1.039591e+00,6.323000e-01
79,Train,1.092756e+00,6.087800e-01
79,Test,1.063494e+00,6.260000e-01
80,Train,1.095500e+00,6.059200e-01
80,Test,1.039356e+00,6.340000e-01
81,Train,1.088349e+00,6.088400e-01
81,Test,1.049288e+00,6.267000e-01
82,Train,1.086846e+00,6.103200e-01
82,Test,1.046028e+00,6.314000e-01
83,Train,1.079401e+00,6.137800e-01
83,Test,1.032030e+00,6.315000e-01
84,Train,1.068748e+00,6.158200e-01
84,Test,1.023039e+00,6.390000e-01
85,Train,1.063639e+00,6.177200e-01
85,Test,1.025080e+00,6.380000e-01
86,Train,1.061672e+00,6.180600e-01
86,Test,1.043739e+00,6.311000e-01
87,Train,1.060725e+00,6.181200e-01
87,Test,1.035060e+00,6.340000e-01
88,Train,1.056881e+00,6.209000e-01
88,Test,1.028504e+00,6.403000e-01
89,Train,1.060036e+00,6.166400e-01
89,Test,1.020819e+00,6.396000e-01
90,Train,1.053867e+00,6.215800e-01
90,Test,1.028279e+00,6.373000e-01
91,Train,1.048621e+00,6.231200e-01
91,Test,1.009380e+00,6.414000e-01
92,Train,1.044095e+00,6.255400e-01
92,Test,1.012891e+00,6.452000e-01
93,Train,1.057362e+00,6.207200e-01
93,Test,1.043455e+00,6.330000e-01
94,Train,1.036262e+00,6.291600e-01
94,Test,1.007594e+00,6.434000e-01
95,Train,1.025507e+00,6.312600e-01
95,Test,1.027837e+00,6.385000e-01
96,Train,1.020512e+00,6.341600e-01
96,Test,1.002010e+00,6.486000e-01
97,Train,1.017553e+00,6.349200e-01
97,Test,1.010563e+00,6.452000e-01
98,Train,1.024276e+00,6.314600e-01
98,Test,1.021027e+00,6.446000e-01
99,Train,1.018583e+00,6.330200e-01
99,Test,9.942564e-01,6.509000e-01
100,Train,1.008447e+00,6.379800e-01
100,Test,9.951163e-01,6.518000e-01
101,Train,1.004785e+00,6.355600e-01
101,Test,1.014824e+00,6.458000e-01
102,Train,1.004682e+00,6.377000e-01
102,Test,9.940995e-01,6.529000e-01
103,Train,1.009831e+00,6.348600e-01
103,Test,9.999765e-01,6.497000e-01
104,Train,1.006794e+00,6.356600e-01
104,Test,9.992970e-01,6.509000e-01
105,Train,9.864000e-01,6.418000e-01
105,Test,9.986343e-01,6.521000e-01
106,Train,9.909328e-01,6.432200e-01
106,Test,9.946298e-01,6.536000e-01
107,Train,9.868123e-01,6.451600e-01
107,Test,9.911284e-01,6.551000e-01
108,Train,9.907121e-01,6.424600e-01
108,Test,9.938758e-01,6.481000e-01
109,Train,9.884150e-01,6.448400e-01
109,Test,1.003420e+00,6.450000e-01
110,Train,9.814361e-01,6.467600e-01
110,Test,9.885780e-01,6.573000e-01
111,Train,9.772081e-01,6.477600e-01
111,Test,9.804623e-01,6.557000e-01
112,Train,9.745731e-01,6.472800e-01
112,Test,9.888717e-01,6.608000e-01
113,Train,9.690964e-01,6.512600e-01
113,Test,9.876945e-01,6.572000e-01
114,Train,9.686601e-01,6.501600e-01
114,Test,9.934456e-01,6.557000e-01
115,Train,9.694722e-01,6.502400e-01
115,Test,1.032436e+00,6.465000e-01
116,Train,9.676098e-01,6.510600e-01
116,Test,1.009368e+00,6.483000e-01
117,Train,9.551330e-01,6.552000e-01
117,Test,9.800783e-01,6.595000e-01
118,Train,9.483889e-01,6.565400e-01
118,Test,9.854890e-01,6.549000e-01
119,Train,9.464618e-01,6.590200e-01
119,Test,9.799393e-01,6.602000e-01
120,Train,9.505238e-01,6.562200e-01
120,Test,9.980244e-01,6.523000e-01
121,Train,9.492576e-01,6.560800e-01
121,Test,9.858782e-01,6.608000e-01
122,Train,9.622865e-01,6.528600e-01
122,Test,1.000179e+00,6.581000e-01
123,Train,9.452425e-01,6.604000e-01
123,Test,1.002738e+00,6.548000e-01
124,Train,9.420062e-01,6.585000e-01
124,Test,9.986028e-01,6.576000e-01
125,Train,9.343153e-01,6.588400e-01
125,Test,9.787782e-01,6.618000e-01
126,Train,9.358904e-01,6.616400e-01
126,Test,9.730629e-01,6.620000e-01
127,Train,9.256351e-01,6.637200e-01
127,Test,9.748669e-01,6.640000e-01
128,Train,9.240787e-01,6.636600e-01
128,Test,9.987671e-01,6.563000e-01
129,Train,9.219162e-01,6.639600e-01
129,Test,9.800504e-01,6.629000e-01
130,Train,9.146156e-01,6.651600e-01
130,Test,9.868763e-01,6.597000e-01
131,Train,9.197650e-01,6.664400e-01
131,Test,9.868433e-01,6.595000e-01
132,Train,9.068960e-01,6.671600e-01
132,Test,9.922127e-01,6.561000e-01
133,Train,9.083705e-01,6.697800e-01
133,Test,9.753961e-01,6.645000e-01
134,Train,9.071228e-01,6.678200e-01
134,Test,9.754292e-01,6.638000e-01
135,Train,9.091511e-01,6.689400e-01
135,Test,9.840170e-01,6.618000e-01
136,Train,9.038927e-01,6.691000e-01
136,Test,9.807338e-01,6.651000e-01
137,Train,8.975367e-01,6.730600e-01
137,Test,9.849929e-01,6.609000e-01
138,Train,8.951932e-01,6.749800e-01
138,Test,9.801055e-01,6.642000e-01
139,Train,8.956143e-01,6.702000e-01
139,Test,9.817271e-01,6.633000e-01
140,Train,8.865510e-01,6.767400e-01
140,Test,9.793035e-01,6.649000e-01
141,Train,9.014890e-01,6.701200e-01
141,Test,9.700930e-01,6.675000e-01
142,Train,8.821769e-01,6.768200e-01
142,Test,9.776071e-01,6.672000e-01
143,Train,8.860237e-01,6.759200e-01
143,Test,9.912800e-01,6.637000e-01
144,Train,8.869737e-01,6.762000e-01
144,Test,9.819054e-01,6.698000e-01
145,Train,8.816087e-01,6.767600e-01
145,Test,9.863524e-01,6.617000e-01
146,Train,8.782340e-01,6.783000e-01
146,Test,9.775364e-01,6.676000e-01
147,Train,8.710260e-01,6.803200e-01
147,Test,9.832679e-01,6.655000e-01
148,Train,8.754165e-01,6.793000e-01
148,Test,9.749375e-01,6.679000e-01
149,Train,8.544965e-01,6.850200e-01
149,Test,9.764765e-01,6.679000e-01
150,Train,8.621294e-01,6.829800e-01
150,Test,1.017820e+00,6.569000e-01
151,Train,8.687207e-01,6.821800e-01
151,Test,9.853775e-01,6.675000e-01
152,Train,8.603391e-01,6.840400e-01
152,Test,9.801900e-01,6.699000e-01
153,Train,8.483034e-01,6.885200e-01
153,Test,9.921658e-01,6.694000e-01
154,Train,8.496113e-01,6.863800e-01
154,Test,9.780797e-01,6.692000e-01
155,Train,8.386041e-01,6.904000e-01
155,Test,9.894027e-01,6.702000e-01
156,Train,8.448092e-01,6.878800e-01
156,Test,9.859856e-01,6.691000e-01
157,Train,8.437433e-01,6.891000e-01
157,Test,9.778353e-01,6.708000e-01
158,Train,8.317997e-01,6.923000e-01
158,Test,9.976048e-01,6.633000e-01
159,Train,8.415771e-01,6.867800e-01
159,Test,9.887190e-01,6.669000e-01
160,Train,8.282636e-01,6.950800e-01
160,Test,9.864954e-01,6.698000e-01
161,Train,8.390409e-01,6.899000e-01
161,Test,9.808374e-01,6.703000e-01
162,Train,8.332028e-01,6.910600e-01
162,Test,9.898894e-01,6.681000e-01
163,Train,8.356150e-01,6.907600e-01
163,Test,9.999951e-01,6.665000e-01
164,Train,8.241702e-01,6.958200e-01
164,Test,9.827324e-01,6.680000e-01
165,Train,8.387211e-01,6.900600e-01
165,Test,9.882104e-01,6.727000e-01
166,Train,8.230814e-01,6.957400e-01
166,Test,9.937468e-01,6.664000e-01
167,Train,8.374589e-01,6.875800e-01
167,Test,9.939012e-01,6.692000e-01
168,Train,8.181696e-01,6.972800e-01
168,Test,9.881354e-01,6.699000e-01
169,Train,8.213629e-01,6.962600e-01
169,Test,1.016755e+00,6.629000e-01
170,Train,8.132248e-01,6.974200e-01
170,Test,9.931336e-01,6.697000e-01
171,Train,8.058354e-01,6.986200e-01
171,Test,1.007016e+00,6.687000e-01
172,Train,8.204810e-01,6.960600e-01
172,Test,1.000249e+00,6.678000e-01
173,Train,8.107397e-01,6.980800e-01
173,Test,1.003258e+00,6.695000e-01
174,Train,8.095000e-01,6.976800e-01
174,Test,1.008594e+00,6.682000e-01
175,Train,8.213368e-01,6.947200e-01
175,Test,1.016142e+00,6.622000e-01
176,Train,7.913125e-01,7.031600e-01
176,Test,1.002937e+00,6.727000e-01
177,Train,7.941911e-01,7.032000e-01
177,Test,9.973658e-01,6.687000e-01
178,Train,8.104411e-01,6.986800e-01
178,Test,1.019252e+00,6.703000e-01
179,Train,7.844602e-01,7.065200e-01
179,Test,9.910912e-01,6.723000e-01
180,Train,7.960208e-01,7.030000e-01
180,Test,1.018616e+00,6.672000e-01
181,Train,8.053519e-01,6.983600e-01
181,Test,9.980197e-01,6.635000e-01
182,Train,7.978662e-01,7.032000e-01
182,Test,1.016395e+00,6.704000e-01
183,Train,7.815374e-01,7.087400e-01
183,Test,1.001817e+00,6.695000e-01
184,Train,7.753685e-01,7.083400e-01
184,Test,1.020015e+00,6.704000e-01
185,Train,7.953277e-01,7.027000e-01
185,Test,1.012826e+00,6.665000e-01
186,Train,7.687602e-01,7.119600e-01
186,Test,1.007250e+00,6.673000e-01
187,Train,7.706521e-01,7.096800e-01
187,Test,1.013756e+00,6.686000e-01
188,Train,7.714190e-01,7.106600e-01
188,Test,1.018020e+00,6.662000e-01
189,Train,7.700495e-01,7.100400e-01
189,Test,1.018834e+00,6.710000e-01
190,Train,7.637059e-01,7.150600e-01
190,Test,1.030273e+00,6.646000e-01
191,Train,7.640701e-01,7.102400e-01
191,Test,1.038743e+00,6.680000e-01
192,Train,7.623771e-01,7.120800e-01
192,Test,1.035154e+00,6.676000e-01
193,Train,7.552172e-01,7.144400e-01
193,Test,1.037648e+00,6.667000e-01
194,Train,7.669659e-01,7.115600e-01
194,Test,1.043515e+00,6.681000e-01
195,Train,7.610161e-01,7.126600e-01
195,Test,1.032169e+00,6.681000e-01
196,Train,7.431265e-01,7.195400e-01
196,Test,1.048202e+00,6.712000e-01
197,Train,7.482794e-01,7.189200e-01
197,Test,1.048004e+00,6.639000e-01
198,Train,7.420481e-01,7.188400e-01
198,Test,1.039916e+00,6.677000e-01
199,Train,7.418824e-01,7.189600e-01
199,Test,1.040040e+00,6.637000e-01
200,Train,7.488699e-01,7.139800e-01
200,Test,1.059895e+00,6.684000e-01
