epoch,mode,loss,accuracy
1,Train,2.287287e+00,1.474800e-01
1,Test,2.239669e+00,1.772000e-01
2,Train,2.216578e+00,1.893800e-01
2,Test,2.154068e+00,2.173000e-01
3,Train,2.109738e+00,2.355400e-01
3,Test,2.015440e+00,2.857000e-01
4,Train,2.003618e+00,2.819200e-01
4,Test,1.932544e+00,3.152000e-01
5,Train,1.910962e+00,3.059400e-01
5,Test,1.823173e+00,3.454000e-01
6,Train,1.834165e+00,3.267000e-01
6,Test,1.754022e+00,3.619000e-01
7,Train,1.779030e+00,3.440400e-01
7,Test,1.705880e+00,3.830000e-01
8,Train,1.747313e+00,3.574000e-01
8,Test,1.670578e+00,3.956000e-01
9,Train,1.717427e+00,3.676000e-01
9,Test,1.643527e+00,4.028000e-01
10,Train,1.695903e+00,3.785400e-01
10,Test,1.630649e+00,4.035000e-01
11,Train,1.681810e+00,3.853400e-01
11,Test,1.621790e+00,4.084000e-01
12,Train,1.667701e+00,3.865600e-01
12,Test,1.598064e+00,4.164000e-01
13,Train,1.650519e+00,3.946800e-01
13,Test,1.581340e+00,4.213000e-01
14,Train,1.636840e+00,3.997200e-01
14,Test,1.580810e+00,4.228000e-01
15,Train,1.631484e+00,4.036400e-01
15,Test,1.565705e+00,4.289000e-01
16,Train,1.619229e+00,4.076400e-01
16,Test,1.550789e+00,4.319000e-01
17,Train,1.613535e+00,4.149200e-01
17,Test,1.546682e+00,4.319000e-01
18,Train,1.600741e+00,4.171200e-01
18,Test,1.564634e+00,4.326000e-01
19,Train,1.591274e+00,4.207800e-01
19,Test,1.531952e+00,4.386000e-01
20,Train,1.585258e+00,4.211400e-01
20,Test,1.517424e+00,4.457000e-01
21,Train,1.581349e+00,4.231200e-01
21,Test,1.515291e+00,4.490000e-01
22,Train,1.568803e+00,4.296400e-01
22,Test,1.498185e+00,4.533000e-01
23,Train,1.562765e+00,4.307400e-01
23,Test,1.496959e+00,4.507000e-01
24,Train,1.555516e+00,4.324600e-01
24,Test,1.485431e+00,4.562000e-01
25,Train,1.547054e+00,4.378800e-01
25,Test,1.477943e+00,4.570000e-01
26,Train,1.543858e+00,4.385000e-01
26,Test,1.469600e+00,4.590000e-01
27,Train,1.536127e+00,4.413400e-01
27,Test,1.465082e+00,4.664000e-01
28,Train,1.524432e+00,4.445200e-01
28,Test,1.455699e+00,4.641000e-01
29,Train,1.518007e+00,4.475600e-01
29,Test,1.456632e+00,4.624000e-01
30,Train,1.513563e+00,4.486200e-01
30,Test,1.445585e+00,4.656000e-01
31,Train,1.501428e+00,4.573400e-01
31,Test,1.454269e+00,4.629000e-01
32,Train,1.502101e+00,4.541400e-01
32,Test,1.429936e+00,4.761000e-01
33,Train,1.489541e+00,4.611800e-01
33,Test,1.431359e+00,4.809000e-01
34,Train,1.479907e+00,4.601400e-01
34,Test,1.421970e+00,4.703000e-01
35,Train,1.478272e+00,4.645200e-01
35,Test,1.409103e+00,4.800000e-01
36,Train,1.472056e+00,4.638600e-01
36,Test,1.402501e+00,4.826000e-01
37,Train,1.459749e+00,4.689400e-01
37,Test,1.395879e+00,4.868000e-01
38,Train,1.460321e+00,4.718400e-01
38,Test,1.390999e+00,4.903000e-01
39,Train,1.454707e+00,4.736800e-01
39,Test,1.387749e+00,4.877000e-01
40,Train,1.451408e+00,4.757800e-01
40,Test,1.382653e+00,4.950000e-01
41,Train,1.444916e+00,4.758400e-01
41,Test,1.403060e+00,4.906000e-01
42,Train,1.442248e+00,4.793800e-01
42,Test,1.372380e+00,4.973000e-01
43,Train,1.435335e+00,4.787800e-01
43,Test,1.393826e+00,4.943000e-01
44,Train,1.428496e+00,4.854000e-01
44,Test,1.374108e+00,4.951000e-01
45,Train,1.430947e+00,4.851400e-01
45,Test,1.367076e+00,4.936000e-01
46,Train,1.425420e+00,4.865000e-01
46,Test,1.364380e+00,5.019000e-01
47,Train,1.413601e+00,4.894800e-01
47,Test,1.347121e+00,5.037000e-01
48,Train,1.406960e+00,4.912200e-01
48,Test,1.344497e+00,5.077000e-01
49,Train,1.400734e+00,4.968200e-01
49,Test,1.343627e+00,5.096000e-01
50,Train,1.402779e+00,4.935600e-01
50,Test,1.337805e+00,5.082000e-01
51,Train,1.394896e+00,5.016600e-01
51,Test,1.335267e+00,5.129000e-01
52,Train,1.388130e+00,5.003600e-01
52,Test,1.323794e+00,5.132000e-01
53,Train,1.386934e+00,5.005600e-01
53,Test,1.325234e+00,5.145000e-01
54,Train,1.378516e+00,5.024600e-01
54,Test,1.312562e+00,5.140000e-01
55,Train,1.377110e+00,5.046400e-01
55,Test,1.314389e+00,5.182000e-01
56,Train,1.372030e+00,5.077000e-01
56,Test,1.302321e+00,5.217000e-01
57,Train,1.367106e+00,5.094000e-01
57,Test,1.309534e+00,5.158000e-01
58,Train,1.365443e+00,5.124400e-01
58,Test,1.333847e+00,5.139000e-01
59,Train,1.359602e+00,5.115400e-01
59,Test,1.293062e+00,5.242000e-01
60,Train,1.364871e+00,5.099600e-01
60,Test,1.304356e+00,5.215000e-01
61,Train,1.355804e+00,5.142200e-01
61,Test,1.292593e+00,5.273000e-01
62,Train,1.347622e+00,5.144400e-01
62,Test,1.310105e+00,5.229000e-01
63,Train,1.344162e+00,5.167400e-01
63,Test,1.279659e+00,5.321000e-01
64,Train,1.337256e+00,5.197400e-01
64,Test,1.277937e+00,5.327000e-01
65,Train,1.338801e+00,5.198400e-01
65,Test,1.281899e+00,5.331000e-01
66,Train,1.334380e+00,5.217600e-01
66,Test,1.265349e+00,5.373000e-01
67,Train,1.330208e+00,5.225400e-01
67,Test,1.272849e+00,5.357000e-01
68,Train,1.332362e+00,5.221200e-01
68,Test,1.266347e+00,5.352000e-01
69,Train,1.325146e+00,5.225600e-01
69,Test,1.258995e+00,5.391000e-01
70,Train,1.315160e+00,5.280800e-01
70,Test,1.267630e+00,5.399000e-01
71,Train,1.318844e+00,5.275600e-01
71,Test,1.258134e+00,5.407000e-01
72,Train,1.318389e+00,5.267000e-01
72,Test,1.251400e+00,5.393000e-01
73,Train,1.307136e+00,5.310200e-01
73,Test,1.248826e+00,5.408000e-01
74,Train,1.299605e+00,5.330200e-01
74,Test,1.245851e+00,5.432000e-01
75,Train,1.305778e+00,5.319000e-01
75,Test,1.249056e+00,5.418000e-01
76,Train,1.299449e+00,5.318400e-01
76,Test,1.236413e+00,5.459000e-01
77,Train,1.295562e+00,5.360400e-01
77,Test,1.251089e+00,5.424000e-01
78,Train,1.289715e+00,5.366200e-01
78,Test,1.231640e+00,5.471000e-01
79,Train,1.289676e+00,5.387000e-01
79,Test,1.230228e+00,5.502000e-01
80,Train,1.285835e+00,5.398600e-01
80,Test,1.222762e+00,5.526000e-01
81,Train,1.285352e+00,5.397400e-01
81,Test,1.236162e+00,5.496000e-01
82,Train,1.274459e+00,5.452000e-01
82,Test,1.217480e+00,5.552000e-01
83,Train,1.282832e+00,5.413600e-01
83,Test,1.219034e+00,5.501000e-01
84,Train,1.274097e+00,5.452000e-01
84,Test,1.225355e+00,5.546000e-01
85,Train,1.267689e+00,5.437400e-01
85,Test,1.220329e+00,5.547000e-01
86,Train,1.261560e+00,5.484400e-01
86,Test,1.212436e+00,5.590000e-01
87,Train,1.264463e+00,5.497000e-01
87,Test,1.207568e+00,5.616000e-01
88,Train,1.264029e+00,5.479200e-01
88,Test,1.204408e+00,5.646000e-01
89,Train,1.257561e+00,5.528400e-01
89,Test,1.201305e+00,5.667000e-01
90,Train,1.260191e+00,5.522800e-01
90,Test,1.196744e+00,5.651000e-01
91,Train,1.251926e+00,5.522400e-01
91,Test,1.199023e+00,5.584000e-01
92,Train,1.242038e+00,5.544600e-01
92,Test,1.196052e+00,5.659000e-01
93,Train,1.247073e+00,5.572800e-01
93,Test,1.188998e+00,5.678000e-01
94,Train,1.239449e+00,5.552600e-01
94,Test,1.181813e+00,5.728000e-01
95,Train,1.242033e+00,5.584000e-01
95,Test,1.193969e+00,5.633000e-01
96,Train,1.232297e+00,5.593600e-01
96,Test,1.195290e+00,5.651000e-01
97,Train,1.234385e+00,5.598000e-01
97,Test,1.183871e+00,5.725000e-01
98,Train,1.222154e+00,5.660400e-01
98,Test,1.191480e+00,5.700000e-01
99,Train,1.232888e+00,5.632600e-01
99,Test,1.171227e+00,5.693000e-01
100,Train,1.225117e+00,5.630800e-01
100,Test,1.189388e+00,5.646000e-01
101,Train,1.228849e+00,5.625600e-01
101,Test,1.164272e+00,5.778000e-01
102,Train,1.217014e+00,5.673200e-01
102,Test,1.177960e+00,5.737000e-01
103,Train,1.218867e+00,5.661200e-01
103,Test,1.166490e+00,5.750000e-01
104,Train,1.217833e+00,5.663400e-01
104,Test,1.162799e+00,5.762000e-01
105,Train,1.203782e+00,5.709200e-01
105,Test,1.161727e+00,5.809000e-01
106,Train,1.205887e+00,5.715200e-01
106,Test,1.151421e+00,5.783000e-01
107,Train,1.205459e+00,5.724600e-01
107,Test,1.152808e+00,5.820000e-01
108,Train,1.201387e+00,5.717200e-01
108,Test,1.147945e+00,5.843000e-01
109,Train,1.201761e+00,5.736800e-01
109,Test,1.146995e+00,5.834000e-01
110,Train,1.192198e+00,5.769600e-01
110,Test,1.139953e+00,5.840000e-01
111,Train,1.193740e+00,5.761800e-01
111,Test,1.146384e+00,5.826000e-01
112,Train,1.195027e+00,5.758600e-01
112,Test,1.140088e+00,5.865000e-01
113,Train,1.198401e+00,5.731400e-01
113,Test,1.145365e+00,5.846000e-01
114,Train,1.187238e+00,5.786600e-01
114,Test,1.142016e+00,5.853000e-01
115,Train,1.184065e+00,5.805600e-01
115,Test,1.134957e+00,5.926000e-01
116,Train,1.180534e+00,5.819200e-01
116,Test,1.132262e+00,5.906000e-01
117,Train,1.175477e+00,5.830600e-01
117,Test,1.131522e+00,5.909000e-01
118,Train,1.183097e+00,5.793400e-01
118,Test,1.123971e+00,5.919000e-01
119,Train,1.174348e+00,5.824800e-01
119,Test,1.129707e+00,5.919000e-01
120,Train,1.168421e+00,5.865600e-01
120,Test,1.143148e+00,5.869000e-01
121,Train,1.173540e+00,5.818400e-01
121,Test,1.122670e+00,5.896000e-01
122,Train,1.166356e+00,5.885600e-01
122,Test,1.121240e+00,5.956000e-01
123,Train,1.163863e+00,5.890400e-01
123,Test,1.123131e+00,5.915000e-01
124,Train,1.169864e+00,5.847800e-01
124,Test,1.133191e+00,5.910000e-01
125,Train,1.165963e+00,5.893600e-01
125,Test,1.119616e+00,5.961000e-01
126,Train,1.165329e+00,5.893000e-01
126,Test,1.122412e+00,5.925000e-01
127,Train,1.155539e+00,5.920200e-01
127,Test,1.112825e+00,5.970000e-01
128,Train,1.156452e+00,5.917800e-01
128,Test,1.113554e+00,5.977000e-01
129,Train,1.152679e+00,5.932200e-01
129,Test,1.103364e+00,5.990000e-01
130,Train,1.150454e+00,5.927200e-01
130,Test,1.103053e+00,6.036000e-01
131,Train,1.145222e+00,5.939000e-01
131,Test,1.104946e+00,6.003000e-01
132,Train,1.143635e+00,5.938000e-01
132,Test,1.099572e+00,6.003000e-01
133,Train,1.137284e+00,5.976800e-01
133,Test,1.094531e+00,6.055000e-01
134,Train,1.141806e+00,5.974800e-01
134,Test,1.093056e+00,6.076000e-01
135,Train,1.138162e+00,5.951600e-01
135,Test,1.102677e+00,6.009000e-01
136,Train,1.140438e+00,5.960600e-01
136,Test,1.092402e+00,6.052000e-01
137,Train,1.133842e+00,5.984000e-01
137,Test,1.091997e+00,6.045000e-01
138,Train,1.134498e+00,5.986800e-01
138,Test,1.092539e+00,6.043000e-01
139,Train,1.134081e+00,5.985000e-01
139,Test,1.079455e+00,6.116000e-01
140,Train,1.131492e+00,6.015400e-01
140,Test,1.082266e+00,6.125000e-01
141,Train,1.128654e+00,6.015200e-01
141,Test,1.107844e+00,6.012000e-01
142,Train,1.127680e+00,6.014800e-01
142,Test,1.087249e+00,6.109000e-01
143,Train,1.130832e+00,6.003400e-01
143,Test,1.101065e+00,6.056000e-01
144,Train,1.123829e+00,6.050000e-01
144,Test,1.072426e+00,6.147000e-01
145,Train,1.115497e+00,6.046400e-01
145,Test,1.076459e+00,6.125000e-01
146,Train,1.116087e+00,6.029200e-01
146,Test,1.079097e+00,6.124000e-01
147,Train,1.118036e+00,6.059800e-01
147,Test,1.071875e+00,6.146000e-01
148,Train,1.117286e+00,6.057800e-01
148,Test,1.108280e+00,6.013000e-01
149,Train,1.116835e+00,6.077000e-01
149,Test,1.070246e+00,6.139000e-01
150,Train,1.108884e+00,6.098000e-01
150,Test,1.072755e+00,6.124000e-01
151,Train,1.111005e+00,6.082400e-01
151,Test,1.071468e+00,6.148000e-01
152,Train,1.106742e+00,6.098400e-01
152,Test,1.071016e+00,6.159000e-01
153,Train,1.107220e+00,6.093000e-01
153,Test,1.086364e+00,6.066000e-01
154,Train,1.103485e+00,6.106800e-01
154,Test,1.057570e+00,6.203000e-01
155,Train,1.099850e+00,6.131600e-01
155,Test,1.059955e+00,6.186000e-01
156,Train,1.094160e+00,6.138600e-01
156,Test,1.055731e+00,6.162000e-01
157,Train,1.098238e+00,6.145200e-01
157,Test,1.052471e+00,6.189000e-01
158,Train,1.091146e+00,6.150600e-01
158,Test,1.052558e+00,6.190000e-01
159,Train,1.095574e+00,6.130400e-01
159,Test,1.052374e+00,6.216000e-01
160,Train,1.086201e+00,6.181800e-01
160,Test,1.049133e+00,6.213000e-01
161,Train,1.085769e+00,6.172400e-01
161,Test,1.054900e+00,6.218000e-01
162,Train,1.087434e+00,6.163600e-01
162,Test,1.062654e+00,6.196000e-01
163,Train,1.086493e+00,6.161000e-01
163,Test,1.046560e+00,6.226000e-01
164,Train,1.083609e+00,6.185000e-01
164,Test,1.054358e+00,6.226000e-01
165,Train,1.076605e+00,6.195600e-01
165,Test,1.043605e+00,6.272000e-01
166,Train,1.076816e+00,6.209000e-01
166,Test,1.041968e+00,6.234000e-01
167,Train,1.074681e+00,6.236000e-01
167,Test,1.038980e+00,6.240000e-01
168,Train,1.077903e+00,6.209400e-01
168,Test,1.032929e+00,6.268000e-01
169,Train,1.079067e+00,6.189600e-01
169,Test,1.041082e+00,6.267000e-01
170,Train,1.068844e+00,6.213800e-01
170,Test,1.035039e+00,6.272000e-01
171,Train,1.061817e+00,6.261200e-01
171,Test,1.046009e+00,6.225000e-01
172,Train,1.065570e+00,6.260200e-01
172,Test,1.029376e+00,6.311000e-01
173,Train,1.059878e+00,6.269000e-01
173,Test,1.036301e+00,6.258000e-01
174,Train,1.062196e+00,6.276600e-01
174,Test,1.046687e+00,6.228000e-01
175,Train,1.072416e+00,6.234400e-01
175,Test,1.027877e+00,6.304000e-01
176,Train,1.064026e+00,6.254400e-01
176,Test,1.048721e+00,6.236000e-01
177,Train,1.065340e+00,6.256000e-01
177,Test,1.039456e+00,6.264000e-01
178,Train,1.056202e+00,6.290000e-01
178,Test,1.025848e+00,6.331000e-01
179,Train,1.052874e+00,6.290000e-01
179,Test,1.024494e+00,6.329000e-01
180,Train,1.051760e+00,6.313600e-01
180,Test,1.018746e+00,6.345000e-01
181,Train,1.056115e+00,6.271200e-01
181,Test,1.030897e+00,6.262000e-01
182,Train,1.049320e+00,6.307600e-01
182,Test,1.019939e+00,6.334000e-01
183,Train,1.046241e+00,6.315600e-01
183,Test,1.020037e+00,6.340000e-01
184,Train,1.041165e+00,6.337200e-01
184,Test,1.014253e+00,6.337000e-01
185,Train,1.042400e+00,6.322600e-01
185,Test,1.014800e+00,6.345000e-01
186,Train,1.042621e+00,6.345000e-01
186,Test,1.009564e+00,6.354000e-01
187,Train,1.040606e+00,6.351000e-01
187,Test,1.010715e+00,6.380000e-01
188,Train,1.043642e+00,6.332600e-01
188,Test,1.020042e+00,6.358000e-01
189,Train,1.057621e+00,6.304200e-01
189,Test,1.020059e+00,6.313000e-01
190,Train,1.037773e+00,6.353400e-01
190,Test,1.016343e+00,6.367000e-01
191,Train,1.037458e+00,6.353400e-01
191,Test,1.008119e+00,6.363000e-01
192,Train,1.038291e+00,6.351200e-01
192,Test,1.006697e+00,6.359000e-01
193,Train,1.032157e+00,6.380800e-01
193,Test,1.012138e+00,6.360000e-01
194,Train,1.029886e+00,6.395200e-01
194,Test,1.021941e+00,6.311000e-01
195,Train,1.038612e+00,6.354000e-01
195,Test,1.022598e+00,6.349000e-01
196,Train,1.034317e+00,6.361400e-01
196,Test,1.018553e+00,6.379000e-01
197,Train,1.036355e+00,6.365800e-01
197,Test,9.957686e-01,6.441000e-01
198,Train,1.030960e+00,6.378000e-01
198,Test,9.950716e-01,6.407000e-01
199,Train,1.027906e+00,6.405200e-01
199,Test,1.019669e+00,6.388000e-01
200,Train,1.022617e+00,6.412600e-01
200,Test,9.937960e-01,6.447000e-01
